#          omega_b,        omega_cdm,      100*theta_s,         tau_reio,         P_{RR}^1,         P_{RR}^2,         P_{II}^1,         P_{II}^2,         P_{RI}^1,         A_planck
 1.47070e-09	-4.50370e-09	-1.01132e-09	 8.24123e-08	 5.20525e-16	 3.22625e-16	 4.42609e-18	-3.50422e-15	 2.41713e-18	 2.25757e-10	
-4.50370e-09	 8.05937e-07	-9.82953e-08	-6.17379e-06	-5.94093e-15	-2.44011e-14	-4.97115e-17	-1.83319e-15	-5.66803e-16	-2.96475e-08	
-1.01132e-09	-9.82953e-08	 4.92819e-08	 4.79352e-07	-1.50584e-15	 1.95773e-15	-2.62762e-17	-5.45681e-15	 2.09832e-16	-1.16768e-09	
 8.24123e-08	-6.17379e-06	 4.79352e-07	 1.03380e-04	 2.51214e-13	 4.42626e-13	 3.06431e-15	-6.57146e-12	 7.95656e-15	 4.25764e-07	
 5.20525e-16	-5.94093e-15	-1.50584e-15	 2.51214e-13	 1.16534e-21	 1.11288e-21	 6.70890e-24	-2.32580e-20	 4.36728e-24	 1.54187e-15	
 3.22625e-16	-2.44011e-14	 1.95773e-15	 4.42626e-13	 1.11288e-21	 1.91540e-21	 1.38329e-23	-3.21325e-20	 3.54452e-23	 1.71874e-15	
 4.42609e-18	-4.97115e-17	-2.62762e-17	 3.06431e-15	 6.70890e-24	 1.38329e-23	 4.54504e-25	-3.41013e-22	 4.97181e-25	-2.00019e-17	
-3.50422e-15	-1.83319e-15	-5.45681e-15	-6.57146e-12	-2.32580e-20	-3.21325e-20	-3.41013e-22	 1.34280e-18	-7.91766e-22	 6.35563e-15	
 2.41713e-18	-5.66803e-16	 2.09832e-16	 7.95656e-15	 4.36728e-24	 3.54452e-23	 4.97181e-25	-7.91766e-22	 2.65468e-24	-3.49984e-17	
 2.25757e-10	-2.96475e-08	-1.16768e-09	 4.25764e-07	 1.54187e-15	 1.71874e-15	-2.00019e-17	 6.35563e-15	-3.49984e-17	 6.08000e-06	
