#          omega_b,        omega_cdm,      100*theta_s,         tau_reio,         P_{RR}^1,         P_{RR}^2,         P_{II}^1,         P_{II}^2,         P_{RI}^1,         A_planck
 6.76227e-08	-1.80730e-07	-2.37381e-08	 1.93588e-06	 5.76278e-15	 8.28459e-15	 1.14760e-15	 9.33426e-14	-3.56048e-15	 2.00949e-08	
-1.80730e-07	 4.08802e-06	-6.05457e-07	-1.95510e-05	 1.77891e-14	-7.80651e-14	 7.93650e-15	-3.47403e-13	-1.72187e-14	-7.69036e-08	
-2.37381e-08	-6.05457e-07	 4.84492e-07	 1.29178e-06	-2.22623e-14	 5.24806e-15	-6.63159e-15	 1.18347e-13	 1.61927e-14	-4.83130e-08	
 1.93588e-06	-1.95510e-05	 1.29178e-06	 2.41082e-04	 6.71079e-13	 9.99096e-13	 5.82080e-14	 3.00659e-13	-1.48402e-13	-2.92593e-06	
 5.76278e-15	 1.77891e-14	-2.22623e-14	 6.71079e-13	 5.94668e-21	 2.95806e-21	 7.26876e-22	-2.77645e-20	-2.43007e-21	 1.79335e-14	
 8.28459e-15	-7.80651e-14	 5.24806e-15	 9.99096e-13	 2.95806e-21	 4.29866e-21	 3.29630e-22	-5.62905e-21	-6.99814e-22	 1.30961e-14	
 1.14760e-15	 7.93650e-15	-6.63159e-15	 5.82080e-14	 7.26876e-22	 3.29630e-22	 1.61263e-21	-2.64274e-20	-1.14713e-21	 6.98352e-16	
 9.33426e-14	-3.47403e-13	 1.18347e-13	 3.00659e-13	-2.77645e-20	-5.62905e-21	-2.64274e-20	 2.58193e-18	 2.33856e-20	-6.76505e-14	
-3.56048e-15	-1.72187e-14	 1.61927e-14	-1.48402e-13	-2.43007e-21	-6.99814e-22	-1.14713e-21	 2.33856e-20	 2.23056e-21	-3.57528e-15	
 2.00949e-08	-7.69036e-08	-4.83130e-08	-2.92593e-06	 1.79335e-14	 1.30961e-14	 6.98352e-16	-6.76505e-14	-3.57528e-15	 6.03774e-06	
