#          omega_b,        omega_cdm,      100*theta_s,         tau_reio,         P_{RR}^1,         P_{RR}^2,         P_{II}^1,         P_{II}^2,         P_{RI}^1
 1.78783e-08	-7.92548e-08	 8.08640e-09	 4.31484e-08	-8.46427e-16	-9.25858e-17	-2.38037e-16	 5.22316e-14	-2.89787e-19	
-7.92548e-08	 1.81951e-06	-3.43638e-07	-1.04050e-06	 4.32619e-14	-2.08235e-16	 3.43108e-15	-4.30013e-13	-8.94932e-15	
 8.08640e-09	-3.43638e-07	 2.18706e-07	 2.51507e-07	-1.22120e-14	 7.46827e-16	-1.61311e-15	 1.26703e-13	 3.56034e-15	
 4.31484e-08	-1.04050e-06	 2.51507e-07	 5.17962e-06	-8.18095e-15	 1.96007e-14	-4.97988e-15	 2.03694e-13	 6.85738e-15	
-8.46427e-16	 4.32619e-14	-1.22120e-14	-8.18095e-15	 1.66327e-21	 3.33300e-23	 4.30453e-23	-8.16378e-21	-3.25514e-22	
-9.25858e-17	-2.08235e-16	 7.46827e-16	 1.96007e-14	 3.33300e-23	 1.00899e-22	 9.03405e-24	-3.98289e-21	 1.79188e-23	
-2.38037e-16	 3.43108e-15	-1.61311e-15	-4.97988e-15	 4.30453e-23	 9.03405e-24	 2.64677e-22	-1.01372e-20	-7.26318e-23	
 5.22316e-14	-4.30013e-13	 1.26703e-13	 2.03694e-13	-8.16378e-21	-3.98289e-21	-1.01372e-20	 1.64066e-18	 1.02231e-21	
-2.89787e-19	-8.94932e-15	 3.56034e-15	 6.85738e-15	-3.25514e-22	 1.79188e-23	-7.26318e-23	 1.02231e-21	 1.62654e-22	
