#          omega_b,        omega_cdm,      100*theta_s,         tau_reio,         P_{RR}^1,         P_{RR}^2,         P_{II}^1,         P_{II}^2,         P_{RI}^1,         A_planck
 3.00235e-10	-2.71961e-09	-4.73952e-10	 1.05734e-08	 2.28353e-17	 4.42090e-17	-7.96496e-22	-2.15958e-15	 5.27159e-18	-2.01546e-09	
-2.71961e-09	 4.41528e-07	-2.31244e-08	-3.75073e-06	-1.08483e-14	-1.48270e-14	 1.29970e-16	 1.82499e-14	 3.21362e-17	 1.22899e-07	
-4.73952e-10	-2.31244e-08	 2.82818e-08	-3.06798e-07	-3.28464e-15	-1.29886e-15	 2.37878e-17	 2.42835e-14	 2.03476e-16	-2.39492e-08	
 1.05734e-08	-3.75073e-06	-3.06798e-07	 5.39753e-05	 2.29794e-13	 2.18374e-13	-1.64841e-15	-6.00064e-13	-4.16547e-15	-6.90958e-07	
 2.28353e-17	-1.08483e-14	-3.28464e-15	 2.29794e-13	 1.18785e-21	 9.37621e-22	-8.31938e-24	-4.68967e-21	-3.09259e-23	-1.08678e-15	
 4.42090e-17	-1.48270e-14	-1.29886e-15	 2.18374e-13	 9.37621e-22	 8.85945e-22	-6.44400e-24	-2.70598e-21	-1.67637e-23	-2.71697e-15	
-7.96496e-22	 1.29970e-16	 2.37878e-17	-1.64841e-15	-8.31938e-24	-6.44400e-24	 1.34617e-25	 3.85671e-23	 3.34200e-25	 2.89045e-17	
-2.15958e-15	 1.82499e-14	 2.42835e-14	-6.00064e-13	-4.68967e-21	-2.70598e-21	 3.85671e-23	 1.00554e-19	 1.33773e-22	 1.20940e-14	
 5.27159e-18	 3.21362e-17	 2.03476e-16	-4.16547e-15	-3.09259e-23	-1.67637e-23	 3.34200e-25	 1.33773e-22	 2.12577e-24	-2.10731e-16	
-2.01546e-09	 1.22899e-07	-2.39492e-08	-6.90958e-07	-1.08678e-15	-2.71697e-15	 2.89045e-17	 1.20940e-14	-2.10731e-16	 6.32879e-06	
