#          omega_b,        omega_cdm,      100*theta_s,         tau_reio,         P_{RR}^1,         P_{RR}^2,         P_{II}^1,         P_{II}^2,         P_{RI}^1
 4.65151e-10	-5.88241e-10	-3.55343e-11	 4.88472e-09	 4.66200e-17	 1.09898e-17	 1.07540e-18	 5.11652e-16	 3.06576e-18	
-5.88241e-10	 4.86424e-08	-1.27488e-09	-1.27200e-07	-9.38248e-18	-4.40807e-16	 4.22091e-18	 1.50217e-16	 4.54321e-18	
-3.55343e-11	-1.27488e-09	 5.63372e-10	 2.47009e-09	-3.15409e-17	 1.17681e-17	-1.15818e-19	 5.37682e-17	 2.19337e-18	
 4.88472e-09	-1.27200e-07	 2.47009e-09	 1.00453e-06	 2.53574e-16	 3.76472e-15	 2.75078e-17	 2.05958e-15	 7.18496e-17	
 4.66200e-17	-9.38248e-18	-3.15409e-17	 2.53574e-16	 6.95724e-23	 1.66534e-24	-5.03474e-25	-1.16542e-22	-1.61457e-24	
 1.09898e-17	-4.40807e-16	 1.17681e-17	 3.76472e-15	 1.66534e-24	 1.62011e-23	 1.85488e-25	-2.08722e-23	 4.64275e-25	
 1.07540e-18	 4.22091e-18	-1.15818e-19	 2.75078e-17	-5.03474e-25	 1.85488e-25	 2.95767e-26	 3.06752e-24	 8.23496e-26	
 5.11652e-16	 1.50217e-16	 5.37682e-17	 2.05958e-15	-1.16542e-22	-2.08722e-23	 3.06752e-24	 5.83467e-21	 7.75385e-24	
 3.06576e-18	 4.54321e-18	 2.19337e-18	 7.18496e-17	-1.61457e-24	 4.64275e-25	 8.23496e-26	 7.75385e-24	 3.92937e-25	
