#          omega_b,        omega_cdm,      100*theta_s,         tau_reio,         P_{RR}^1,         P_{RR}^2,         P_{II}^1,         P_{II}^2,         P_{RI}^1
 1.49969e-08	-6.50320e-08	 1.04068e-09	 3.98002e-08	-4.99732e-16	-1.55899e-16	-4.70361e-16	 9.19142e-14	-5.27387e-18	
-6.50320e-08	 1.55196e-06	-2.13457e-07	-8.14486e-07	 3.47272e-14	 1.63326e-15	 5.16798e-15	-8.92310e-13	-6.67324e-15	
 1.04068e-09	-2.13457e-07	 2.35166e-07	 2.41080e-07	-1.03587e-14	 1.65484e-15	-7.09603e-16	-1.18333e-13	 2.75939e-15	
 3.98002e-08	-8.14486e-07	 2.41080e-07	 5.53305e-06	-1.98143e-15	 2.16622e-14	-5.08557e-15	 1.87294e-13	 4.81796e-15	
-4.99732e-16	 3.47272e-14	-1.03587e-14	-1.98143e-15	 1.47115e-21	 2.60125e-23	 4.17059e-23	 8.71232e-24	-2.74538e-22	
-1.55899e-16	 1.63326e-15	 1.65484e-15	 2.16622e-14	 2.60125e-23	 1.52115e-22	 6.39373e-23	-1.72951e-20	 7.46140e-24	
-4.70361e-16	 5.16798e-15	-7.09603e-16	-5.08557e-15	 4.17059e-23	 6.39373e-23	 4.63965e-22	-2.86504e-20	-9.45183e-23	
 9.19142e-14	-8.92310e-13	-1.18333e-13	 1.87294e-13	 8.71232e-24	-1.72951e-20	-2.86504e-20	 5.90056e-18	 2.27442e-21	
-5.27387e-18	-6.67324e-15	 2.75939e-15	 4.81796e-15	-2.74538e-22	 7.46140e-24	-9.45183e-23	 2.27442e-21	 1.69502e-22	
